-3.585052420300018916e-01 -2.329587647299318220e-01
-7.282038825876055999e-01 3.604894468263684093e-01
-6.237296908066640722e-01 1.528198531517694914e-01
-5.703548932636914870e-03 -8.740448163265401860e-01
5.852459482753176179e-01 2.291599882506145658e-01
-6.864171262959359865e-01 -2.428826828203307642e-01
1.995076751976898599e-02 8.777633570629572723e-02
-9.640562636659399942e-02 -7.739124805488559744e-01
-3.519235268036702280e-01 5.413409765310728261e-02
-6.998347168850120870e-01 2.925304230295311392e-02
8.511416617813769570e-01 -3.658859069914042195e-01
-6.334022467410462820e-01 2.414033642052992867e-01
8.327058626218395432e-01 -1.562018696307174714e-01
5.367759319899372272e-01 1.673248185895750417e-01
3.427194530720356624e-02 -1.184010680068672272e-01
-3.234741658830730948e-02 -7.608565205087196581e-01
7.924913343003114896e-02 2.459305057395972938e-01
-4.397873255676867377e-01 -1.699844329195454584e-02
4.895337771887693368e-01 5.820874666784077167e-01
4.751168492658668363e-01 7.181947110361781572e-01
-5.746652806246339562e-01 5.920190672397243059e-01
-5.013789481753085919e-01 8.651390759872334968e-02
6.720602125119041759e-01 -5.880015107153802045e-01
3.173636519598233008e-01 6.313624792330907454e-01
4.488223046390278359e-01 -8.275373356570279171e-01
-8.151377736903357984e-01 -3.101340470053604026e-01
5.578728304689517525e-01 -1.941102126082709933e-01
-8.180509670732072358e-02 8.089845087377309785e-01
4.931385581466731782e-01 6.045416197120554447e-01
8.588617649250895880e-02 5.428091250955284774e-01
9.878367781216579324e-02 -6.742851309997128784e-01
9.910408046843532937e-02 7.809494814314366096e-01
-2.891787906512730544e-01 -6.926255623109083270e-01
-6.392238874591660291e-02 -5.432729279713777171e-01
-7.785294604851045186e-01 -4.255280774153666901e-01
-1.832027960281161771e-01 4.072559312579222546e-01
-4.807119089629170450e-01 8.327507771132751646e-01
9.761527658032778110e-01 7.913267594267781035e-02
5.189610667301578495e-01 5.941733827619326558e-01
4.310672348855018043e-01 8.916370435979326103e-02
3.248375024050851323e-01 4.856385576414987693e-01
-4.529536395560469497e-01 -7.113445311150270456e-01
1.715139921500152820e-01 8.340612995835228194e-01
-2.711409023089905723e-01 -8.997910616893320945e-01
2.451177540918780817e-01 6.639510079517125796e-01
8.065566692162582374e-01 3.170525072056296079e-01
-3.228446301960843368e-01 -4.639704749860251720e-01
6.922631321190411136e-01 4.589421209459989548e-01
1.034952006029024041e-01 7.438276011064854920e-01
-2.747687905655051832e-01 -4.083047703422391095e-01
6.179064129032678654e-01 4.283396172709235117e-01
-2.584059818809536502e-01 8.745211881748002902e-01
2.705723306968552677e-01 -7.209120504872823521e-01
-3.904905514691356938e-01 3.165198011711374271e-01
4.697470907231149351e-01 -4.361646289939606902e-01
-6.227195535008400729e-01 2.222879437154938742e-01
-2.053443368905845112e-01 3.244930896697968414e-01
-4.173701175436752564e-01 -1.533332861638851963e-01
4.734769414939763443e-01 4.675445325116178719e-01
-6.899447357351562449e-01 6.499006645069604904e-01
2.708002949960852668e-02 -3.178659874081402048e-01
7.759368558553918493e-01 2.746002546663353083e-01
-4.532734632193480273e-01 -4.952348666961527979e-01
-1.067578556543824497e-02 9.577296225802929275e-01
-2.095012004470842015e-02 -3.750910116726442478e-01
2.910176434334010853e-01 -7.089872639925216546e-01
4.065042189448255794e-01 7.929663053082642854e-01
1.633166537944985564e-03 6.603905903796036814e-01
-4.479753342859909004e-01 6.799507986602464360e-01
5.987676789251026310e-01 1.749964036755498054e-01
5.445529173074385998e-01 2.644822297796012300e-01
-2.193110280197829720e-01 4.050910980864017574e-01
6.806049060887882085e-01 6.390824700522346191e-01
-2.137158978733593173e-01 -8.166476023577597942e-01
-4.649643557084577328e-01 -7.781503377332463778e-01
2.163487524157190478e-01 2.564407017279839440e-01
-5.603506848369324000e-01 6.985783604993296425e-01
2.884784756943161721e-01 5.429212791272000072e-01
2.563884428194262988e-01 -6.529150580061597875e-01
-6.261869336465106795e-01 -6.387716199176485254e-02
3.776273473946512027e-01 8.059478816410936552e-01
9.304706014370640599e-01 2.544705561791014148e-01
5.855216232567719281e-01 7.771313721965278365e-01
2.657192953740152852e-01 -1.322943349436662697e-01
5.567364725964800698e-01 3.276313405398216805e-01
4.912135475558028208e-01 -3.639289894038506556e-01
-6.814181878408225312e-01 3.823921006174244575e-01
-4.795675172519930918e-02 -2.247100206711889481e-01
2.657518311815789680e-01 -6.589889199577807499e-01
-3.802284298238101101e-02 3.767562690846795181e-01
2.159232642979376227e-01 -9.012430988752988537e-01
-5.121633386763695395e-01 -6.468919753376187742e-01
-6.017379195752758925e-01 1.377899934324764430e-01
4.106204518432876593e-01 2.613084962254401677e-01
5.936274201636899672e-01 5.238462944197030957e-02
-6.825887915580985954e-01 3.441994743950254065e-01
-6.966145554856892907e-01 -1.204524043378112363e-01
5.066718041224982372e-02 -1.047632979215280535e-01
2.893328968441810645e-01 5.289767048127402838e-02
-2.585226405793239479e-01 8.643685694376710416e-01
4.206208412699601329e-01 -8.894696821255743124e-01
5.874151326406344964e-01 1.303759568240618893e-01
-1.230539211900549823e-02 -2.722280043370381986e-01
-1.169569804628456389e-02 -4.593589306248795356e-01
-6.130796114764947013e-01 4.681051849041972801e-02
-7.974898969572943308e-01 -2.132553814998223718e-01
3.542074009314277738e-01 -9.941105232188007790e-02
4.740707855474624033e-02 2.573672024384425772e-01
1.596714066589615122e-01 -7.739617318025027171e-01
1.132468695249930768e-01 2.841899054843335382e-01
-3.715514026642814382e-01 3.960172967808512912e-01
1.509946397871446688e-01 -7.831101802215374441e-01
1.757245862095730971e-01 7.064932942434369867e-01
-7.903818264667366034e-01 4.888617588133454817e-01
7.968233625824026056e-01 -1.612322040110982790e-01
-1.096016737543568098e-01 -8.854789983528021935e-01
6.273600771564922240e-01 -4.009666550674710894e-01
-4.541053446523768411e-01 -1.747476587409677595e-01
-9.281142272765703360e-01 -2.539007182487540426e-01
-6.792193545936417998e-01 1.615415685787875422e-01
-6.196535320077671827e-01 7.824865774157416798e-01
7.427043961647434855e-01 -5.506622523368949196e-01
8.897952084855051957e-01 1.116638210429645728e-01
3.865168781074617144e-01 9.824112298556175737e-02
2.637697987872642535e-01 -4.795763788477089840e-01
9.134672689717704408e-01 3.237082979583196796e-01
-2.682016430488751713e-01 7.916984442730201632e-01
5.661758042285807146e-01 -8.097068304436771946e-02
1.847095581105719919e-01 6.844938183780333585e-01
8.972116294238230427e-01 1.696003190820585260e-01
-5.237437276980831946e-01 5.008575933465035934e-01
-4.968660147843044772e-01 -1.286441389920154332e-01
7.044468436616517781e-01 -4.550009088614241914e-01
-6.141801714757670894e-01 -5.558776090392540947e-01
4.309584063544180665e-01 1.361962048789622237e-01
-3.922039456586201567e-01 7.148223364458017315e-01
8.556502835504620208e-02 -3.846287423756034052e-02
6.551022007270423941e-02 -9.083436557255701871e-01
-4.593548745506872422e-01 6.087520721315253791e-01
2.698393376835184210e-01 5.225922506552338476e-01
7.471753582584936826e-01 3.540691899003884924e-01
8.076603444272882903e-01 -2.920810444384036586e-01
4.671904683928624902e-01 -7.094276371864320918e-01
-2.496350751848497307e-01 2.118673703591842372e-01
8.640664692247186363e-01 -3.688055375886962750e-01
-4.033832451531635943e-01 -2.115248404089553613e-01
4.922504537280558701e-02 5.008222554055330455e-02
-2.844101146016762005e-01 -4.238726347519918836e-01
4.879564927733033297e-01 8.342934855094645830e-01
-4.406413508971671611e-01 -2.959637105822505720e-01
-8.055459761146026576e-01 3.372216554539027022e-01
1.740199883316182472e-01 3.190776656431657532e-01
2.384287112675664844e-01 1.402280202864636394e-01
4.082179373600960393e-01 3.090878846399003343e-01
2.146562593523095863e-01 -7.753911340539758612e-01
-4.628342473900137755e-02 -3.758531717366129232e-01
-7.566370326145022140e-02 9.026612476914293026e-01
4.230512300428446171e-01 -3.574068834153567575e-01
-2.792531628433669866e-01 2.692759385390797178e-02
-1.619933034542233585e-01 -9.216466964819713947e-01
-3.490491062227167873e-01 -1.515194239280062138e-01
9.083764617038645461e-01 2.810921355513191777e-01
1.581047406350626350e-01 4.319015637431216081e-01
-8.717163648029353507e-01 2.031189736936396262e-01
-4.829172285531282416e-01 -3.337851738179056227e-01
2.334709837516653064e-01 3.677474942397884750e-01
-7.786718104196841406e-01 -3.844609707821844413e-01
-5.676690125829622069e-01 6.945907274535139120e-01
9.522020912660689174e-01 -4.664048695122668953e-02
-1.152014728391528298e-01 -7.431487248692381087e-02
2.450045123008230963e-01 2.535497509439148534e-01
6.649224241826956483e-01 -6.525891681735813687e-01
3.861279476448924441e-01 -8.711411773360144828e-02
-9.636158042627209763e-01 -4.914510462138221847e-02
6.891948892822319372e-01 -5.672664722005471560e-01
2.177338075249857230e-01 3.099351601281075119e-01
1.239070305738521061e-01 -6.853768524292858100e-01
-4.905106307237985241e-01 8.366998630958888405e-02
-1.002395157789686131e-01 8.926113602800154201e-01
-4.450567617543650378e-01 -2.024870503129270194e-01
-6.727290963956005232e-01 -3.128188716968747229e-01
-2.942120838400741345e-01 -3.272900062614654271e-01
5.181782875858371717e-01 -6.582914356478881679e-01
2.116725928626712605e-01 -7.603036235257438769e-01
-6.762570602372697248e-01 -6.555997902410231060e-01
-8.039316345593428004e-02 9.136843563523779910e-01
-7.298791088202452038e-01 -3.383633060039570317e-02
6.794498701673525876e-01 2.822205930962509157e-01
5.962516913248598893e-01 4.927403622195636324e-02
6.405795226276351784e-01 -6.635856480813990821e-01
-2.075524217168189800e-01 1.764437312056672535e-01
-1.602259546246165289e-01 -7.498842173742401584e-01
-5.377624809659107274e-01 7.232122625900416768e-01
-2.613222877278076339e-02 -4.631384138312033549e-02
2.944629695614435771e-01 2.108919650904146348e-01
-8.222054861423844230e-01 3.899089672031650355e-01
7.230552451599718822e-01 -3.876925507314146202e-01
3.557689569825919218e-01 2.208679267819422254e-01
-5.659542310273397714e-01 -6.462161465853755171e-01
-6.622829730705128704e-01 4.569131647610396030e-01
-8.286414912754245243e-01 1.837117270222885512e-01
-7.066164326395036888e-01 1.808732455099029135e-01
-6.108198290451476442e-01 -2.154273966556599085e-01
5.364604357581099769e-01 5.334774578443846060e-02
3.482235726965099420e-01 -6.212478817648863227e-01
2.062808181038218169e-01 2.653083940871376889e-01
3.627329521771174292e-01 -5.720407469413615331e-01
-2.928681137795465794e-01 -7.661328011770738300e-01
7.631770908174460022e-01 -5.958358093232749564e-01
8.728440937020158774e-01 -1.494192993620087062e-01
-1.794723453808817482e-01 9.835445469326686840e-02
3.906911896925431282e-01 -3.984699168149408166e-01
1.983820957320792111e-01 3.201374371917016237e-01
-5.892939933987695333e-02 5.688858842821948869e-01
-9.019556960760413133e-01 -2.669212061127477220e-01
2.546927358224246873e-01 5.941086712028555983e-01
-6.769440130539661205e-02 -6.057817129980946902e-02
8.803313750604675469e-01 4.679830739712342869e-01
-5.059351065055746055e-01 2.917418421003854512e-01
3.987427758862793770e-01 5.819771864769882619e-01
1.380403796012308337e-01 -8.902231213429163681e-01
5.612256165569060595e-01 1.120301635827423148e-01
5.875888844811489875e-01 -1.182849843593769545e-01
-4.759795137342095472e-01 3.662056226000218739e-01
8.676361054858556798e-01 -2.702154617146153015e-01
-7.359247787599858537e-01 -5.692961020155804519e-01
4.629321482724140235e-01 -7.139138876079140772e-01
4.765108232446362280e-01 -8.443704159545730725e-01
-5.275369172324535505e-01 -6.389299390685134750e-01
-7.531348283071512828e-01 -2.564398549480697564e-01
-5.297380632231305508e-01 6.663473657818537177e-01
2.325363202072099345e-01 -2.080108949742958124e-01
5.316749728221128457e-01 8.073224956382176742e-01
-6.619609995661253077e-01 3.774002908911122667e-02
1.203129385647052629e-01 6.608016622101062776e-01
4.381821853062426442e-01 5.411154559373285711e-01
3.135026146496973087e-01 6.889743295379013865e-01
1.011917399082189473e-01 -8.969834738682094244e-01
6.504278917509662694e-01 -6.398870867854966615e-01
8.512246417075088889e-01 -3.684994626194892930e-02
-4.135703895606179792e-01 6.609422052800368874e-01
3.688177342075480425e-01 4.188009809302901676e-01
-2.274543097166754624e-01 3.886405674116588660e-01
-5.126430669227506343e-01 -5.758579380058737041e-01
-2.816859331158596547e-01 3.938464094761675582e-01
5.442781067338291479e-01 -5.314952112528059658e-02
-6.476872060568832357e-01 3.816272311562018960e-01
-7.514767245396201112e-01 -4.535193729639428462e-01
-2.172376133745723692e-01 6.311852673317221996e-01
7.097216320094759112e-01 2.882404523273707220e-01
-5.532765311891272297e-01 -3.207970594682023613e-01
-5.377797179295429331e-01 6.940652565485119219e-01
-2.311766610613670281e-01 2.038506790909213606e-01
-7.297023762414183157e-01 -9.272642619795656849e-02
-4.185099832812855247e-02 -5.856964772519002160e-02
-2.871679336888370848e-01 -9.495898380244958137e-01
-7.667778118947754518e-01 -7.059998316835636167e-02
-2.594247213951041964e-01 -7.162339825601935495e-01
2.575508382804081453e-01 2.630823052696633635e-01
8.653018302894386338e-01 3.384671875493381332e-01
-1.748029969306985620e-02 4.787922372035195995e-01
1.426733370891224428e-01 5.448116409252976577e-01
1.674490150138934208e-01 8.667277835159612476e-01
-6.476405438603993758e-01 -6.835353925999569924e-01
-7.368832155760582925e-01 -3.095765594782102781e-01
-4.852095597779344516e-01 -8.082321311185640678e-01
2.582065522444101369e-01 -2.113596542451245952e-01
3.100957220579785290e-01 -9.117769151442398634e-01
-3.395122180961174241e-01 -5.891024226008860776e-01
-5.809637259004503118e-01 3.541466390761780492e-01
-5.871744392538877921e-01 4.811478629122989403e-01
-6.135725065690700308e-01 -4.852363723196058132e-01
1.270103759885288230e-01 4.753162082767139474e-01
-7.128360131898492380e-01 1.196642472613191899e-01
2.254544263205273680e-01 2.059108153126980589e-01
7.559769541361260892e-02 -8.400755770591885607e-01
3.170856034680680224e-01 3.616738214198944590e-03
3.544021993010582072e-01 5.962422790773254100e-01
-8.020192092053479715e-01 1.013630332750403706e-01
-5.512461386499627469e-01 6.788259740109123808e-01
-7.846404743390571479e-01 1.176070032031204526e-01
-4.746840182872229530e-01 -7.776761023994858135e-01
-2.421701719214364168e-01 4.124218373916828106e-01
1.208325436127914987e-01 -8.045910320647808867e-01
-1.768706097646997044e-01 -2.492714224552201596e-01
-1.052037263925680310e-01 -4.691573981840659879e-01
1.884394574302055148e-01 -2.729239625563215643e-01
1.230941119990514032e-01 -2.470040424695025827e-01
-9.560959582174111127e-02 6.580202869652425068e-01
1.720080404408157460e-01 -2.784581650050181878e-01
-7.774465071834009144e-01 2.131241903239382562e-01
-3.996041774687344450e-01 -5.571429564584000627e-01
-5.359192773870107285e-01 9.598713719298723746e-02
5.123275194030740831e-01 -4.652988603108556553e-01
5.061985308063012834e-01 -5.496086853192156951e-01
-1.274416161421214611e-01 -9.843708486381066436e-01
-6.432743842927175493e-01 -6.362821605099351352e-01
-5.097531463444802124e-01 -3.655032265608011421e-01
-6.002552082744556650e-01 -4.489144212209288387e-01
3.329779797875607183e-01 -8.582486473307300301e-01
6.360545008420537272e-01 4.883415947396465562e-01
1.965371345510347201e-01 -8.549847794395470935e-02
-1.348372387528860017e-01 2.536946898661731620e-01
-6.215896911135594394e-01 -3.631459224790640761e-01
5.232333421983157429e-01 -2.054571820968311702e-01
-1.801747188931390742e-01 6.322438374209891077e-01
9.494121933336345798e-01 -6.596724696385436459e-02
-4.102829964476442104e-01 1.271507359461194753e-01
1.600651021976680077e-01 5.754140985002820230e-03
-1.810711204484163339e-01 -5.271130235248873142e-01
5.733099514743600356e-01 7.236029331975482037e-01
-2.170948184524994495e-01 -7.173221267820033553e-01
-8.444526184135936475e-03 -3.432736544869441353e-01
-3.054918480871957609e-01 6.595702718094105244e-01
1.360954397119393811e-01 -6.687013753593435972e-01
-6.257416947647900241e-01 2.159382458487493217e-01
9.387933623978075293e-01 -3.180534392018206091e-01
